C,ID,ENCENDIDO,HOROMETRO,DIST,HORASXTURNO,RALENTIXTURNO,OPERATIVOXTURNO,T9,T10,T11,T12,T13,T14,T15,T16,T17,T18,T19,T20,T21,GPS_TIEMPO,LATITUD,HEMISFERIO,LONGITUD,MERIDIANO,ALTITUD,ALT_MEDIDA,VELOCIDAD,FECHA_HORA_SIS\r\n
D,TRAC57,True,10000.5,000000000.589,1952.0,816.0,1136.0,0,0,0,0,0,0,0,0,0,0,0,0,0,150208,1631.0920,S,07135.5892,W,2761.6,M,000.0,02/06/21 09:59:02
D,TRAC57,True,10000.5,000000000.589,1953.0,817.0,1136.0,0,0,0,0,0,0,0,0,0,0,0,0,0,150209,1631.0920,S,07135.5892,W,2761.6,M,000.0,02/06/21 09:59:03
D,TRAC57,True,10000.5,000000000.589,1954.0,818.0,1136.0,0,0,0,0,0,0,0,0,0,0,0,0,0,150210,1631.0920,S,07135.5892,W,2761.6,M,000.0,02/06/21 09:59:04
D,TRAC57,True,10000.5,000000000.589,1955.0,819.0,1136.0,0,0,0,0,0,0,0,0,0,0,0,0,0,150211,1631.0920,S,07135.5892,W,2761.6,M,000.0,02/06/21 09:59:05
D,TRAC57,True,10000.5,000000000.589,1956.0,820.0,1136.0,0,0,0,0,0,0,0,0,0,0,0,0,0,150212,1631.0920,S,07135.5892,W,2761.6,M,000.0,02/06/21 09:59:07
D,TRAC57,True,10000.5,000000000.589,1958.0,822.0,1136.0,0,0,0,0,0,0,0,0,0,0,0,0,0,150214,1631.0920,S,07135.5892,W,2761.7,M,000.0,02/06/21 09:59:08
D,TRAC57,True,10000.5,000000000.589,1959.0,823.0,1136.0,0,0,0,0,0,0,0,0,0,0,0,0,0,150215,1631.0920,S,07135.5892,W,2761.7,M,000.0,02/06/21 09:59:09
D,TRAC57,True,10000.5,000000000.589,1960.0,824.0,1136.0,0,0,0,0,0,0,0,0,0,0,0,0,0,150216,1631.0920,S,07135.5892,W,2761.6,M,000.0,02/06/21 09:59:10
D,TRAC57,True,10000.5,000000000.589,1961.0,825.0,1136.0,0,0,0,0,0,0,0,0,0,0,0,0,0,150217,1631.0920,S,07135.5892,W,2761.6,M,000.0,02/06/21 09:59:11
D,TRAC57,True,10000.5,000000000.589,1962.0,826.0,1136.0,0,0,0,0,0,0,0,0,0,0,0,0,0,150218,1631.0920,S,07135.5892,W,2761.6,M,000.0,02/06/21 09:59:12
D,TRAC57,True,10000.5,000000000.589,1963.0,827.0,1136.0,0,0,0,0,0,0,0,0,0,0,0,0,0,150219,1631.0920,S,07135.5892,W,2761.6,M,000.0,02/06/21 09:59:14
D,TRAC57,True,10000.5,000000000.589,1965.0,829.0,1136.0,0,0,0,0,0,0,0,0,0,0,0,0,0,150221,1631.0920,S,07135.5892,W,2761.6,M,000.0,02/06/21 09:59:15
D,TRAC57,True,10000.5,000000000.589,1966.0,830.0,1136.0,0,0,0,0,0,0,0,0,0,0,0,0,0,150222,1631.0920,S,07135.5892,W,2761.6,M,000.0,02/06/21 09:59:16
D,TRAC57,True,10000.5,000000000.589,1967.0,831.0,1136.0,0,0,0,0,0,0,0,0,0,0,0,0,0,150223,1631.0920,S,07135.5892,W,2761.6,M,000.0,02/06/21 09:59:17
D,TRAC57,True,10000.5,000000000.589,1968.0,832.0,1136.0,0,0,0,0,0,0,0,0,0,0,0,0,0,150224,1631.0920,S,07135.5892,W,2761.6,M,000.0,02/06/21 09:59:18
D,TRAC57,True,10000.5,000000000.589,1969.0,833.0,1136.0,0,0,0,0,0,0,0,0,0,0,0,0,0,150225,1631.0920,S,07135.5892,W,2761.6,M,000.0,02/06/21 09:59:20
D,TRAC57,True,10000.5,000000000.589,1970.0,834.0,1136.0,0,0,0,0,0,0,0,0,0,0,0,0,0,150226,1631.0920,S,07135.5892,W,2761.6,M,000.0,02/06/21 09:59:21
D,TRAC57,True,10000.5,000000000.589,1972.0,836.0,1136.0,0,0,0,0,0,0,0,0,0,0,0,0,0,150228,1631.0920,S,07135.5892,W,2761.6,M,000.0,02/06/21 09:59:22
D,TRAC57,True,10000.5,000000000.589,1973.0,837.0,1136.0,0,0,0,0,0,0,0,0,0,0,0,0,0,150229,1631.0920,S,07135.5892,W,2761.6,M,000.0,02/06/21 09:59:23
D,TRAC57,True,10000.5,000000000.589,1974.0,838.0,1136.0,0,0,0,0,0,0,0,0,0,0,0,0,0,150230,1631.0920,S,07135.5892,W,2761.6,M,000.0,02/06/21 09:59:24
D,TRAC57,True,10000.5,000000000.589,1975.0,839.0,1136.0,0,0,0,0,0,0,0,0,0,0,0,0,0,150231,1631.0920,S,07135.5892,W,2761.6,M,000.0,02/06/21 09:59:25
D,TRAC57,True,10000.5,000000000.589,1976.0,840.0,1136.0,0,0,0,0,0,0,0,0,0,0,0,0,0,150232,1631.0920,S,07135.5892,W,2761.6,M,000.0,02/06/21 09:59:27
D,TRAC57,True,10000.5,000000000.589,1977.0,841.0,1136.0,0,0,0,0,0,0,0,0,0,0,0,0,0,150233,1631.0920,S,07135.5892,W,2761.6,M,000.0,02/06/21 09:59:28
D,TRAC57,True,10000.5,000000000.589,1979.0,843.0,1136.0,0,0,0,0,0,0,0,0,0,0,0,0,0,150235,1631.0920,S,07135.5892,W,2761.6,M,000.0,02/06/21 09:59:29
D,TRAC57,True,10000.5,000000000.589,1980.0,844.0,1136.0,0,0,0,0,0,0,0,0,0,0,0,0,0,150236,1631.0920,S,07135.5892,W,2761.6,M,000.0,02/06/21 09:59:30
D,TRAC57,True,10000.5,000000000.590,1981.0,844.0,1137.0,0,0,0,0,0,0,0,0,0,0,0,0,0,150237,1631.0921,S,07135.5891,W,2761.6,M,002.2,02/06/21 09:59:31
D,TRAC57,True,10000.5,000000000.590,1982.0,844.0,1138.0,0,0,0,0,0,0,0,0,0,0,0,0,0,150238,1631.0923,S,07135.5885,W,2761.4,M,002.0,02/06/21 09:59:33
D,TRAC57,True,10000.5,000000000.591,1983.0,844.0,1139.0,0,0,0,0,0,0,0,0,0,0,0,0,0,150239,1631.0925,S,07135.5879,W,2761.3,M,002.0,02/06/21 09:59:34
D,TRAC57,True,10000.5,000000000.592,1985.0,844.0,1141.0,0,0,0,0,0,0,0,0,0,0,0,0,0,150241,1631.0927,S,07135.5870,W,2760.8,M,001.8,02/06/21 09:59:35
D,TRAC57,True,10000.5,000000000.592,1986.0,844.0,1142.0,0,0,0,0,0,0,0,0,0,0,0,0,0,150242,1631.0927,S,07135.5863,W,2760.9,M,001.9,02/06/21 09:59:36
D,TRAC57,True,10000.5,000000000.593,1987.0,844.0,1143.0,0,0,0,0,0,0,0,0,0,0,0,0,0,150243,1631.0930,S,07135.5858,W,2760.9,M,002.2,02/06/21 09:59:37
D,TRAC57,True,10000.5,000000000.594,1988.0,844.0,1144.0,0,0,0,0,0,0,0,0,0,0,0,0,0,150244,1631.0931,S,07135.5852,W,2760.9,M,002.2,02/06/21 09:59:38
D,TRAC57,True,10000.5,000000000.594,1989.0,844.0,1145.0,0,0,0,0,0,0,0,0,0,0,0,0,0,150245,1631.0933,S,07135.5846,W,2760.9,M,002.1,02/06/21 09:59:40
D,TRAC57,True,10000.5,000000000.595,1990.0,844.0,1146.0,0,0,0,0,0,0,0,0,0,0,0,0,0,150246,1631.0933,S,07135.5840,W,2760.5,M,001.7,02/06/21 09:59:41
D,TRAC57,True,10000.5,000000000.595,1992.0,844.0,1148.0,0,0,0,0,0,0,0,0,0,0,0,0,0,150248,1631.0936,S,07135.5828,W,2760.7,M,001.3,02/06/21 09:59:42
D,TRAC57,True,10000.5,000000000.596,1993.0,844.0,1149.0,0,0,0,0,0,0,0,0,0,0,0,0,0,150249,1631.0938,S,07135.5825,W,2760.7,M,001.3,02/06/21 09:59:43
D,TRAC57,True,10000.5,000000000.596,1994.0,844.0,1150.0,0,0,0,0,0,0,0,0,0,0,0,0,0,150250,1631.0939,S,07135.5821,W,2760.8,M,001.6,02/06/21 09:59:44
D,TRAC57,True,10000.5,000000000.597,1995.0,844.0,1151.0,0,0,0,0,0,0,0,0,0,0,0,0,0,150251,1631.0941,S,07135.5816,W,2760.8,M,001.5,02/06/21 09:59:45
D,TRAC57,True,10000.5,000000000.597,1996.0,845.0,1151.0,0,0,0,0,0,0,0,0,0,0,0,0,0,150252,1631.0940,S,07135.5816,W,2760.9,M,000.0,02/06/21 09:59:47
D,TRAC57,True,10000.5,000000000.598,1998.0,845.0,1153.0,0,0,0,0,0,0,0,0,0,0,0,0,0,150254,1631.0936,S,07135.5827,W,2760.9,M,002.2,02/06/21 09:59:48
D,TRAC57,True,10000.5,000000000.598,1999.0,845.0,1154.0,0,0,0,0,0,0,0,0,0,0,0,0,0,150255,1631.0935,S,07135.5834,W,2760.9,M,002.3,02/06/21 09:59:49
D,TRAC57,True,10000.5,000000000.599,2000.0,845.0,1155.0,0,0,0,0,0,0,0,0,0,0,0,0,0,150256,1631.0935,S,07135.5840,W,2760.7,M,002.3,02/06/21 09:59:50
D,TRAC57,True,10000.5,000000000.599,2001.0,845.0,1156.0,0,0,0,0,0,0,0,0,0,0,0,0,0,150257,1631.0934,S,07135.5842,W,2760.8,M,000.4,02/06/21 09:59:51
D,TRAC57,True,10000.5,000000000.600,2002.0,845.0,1157.0,0,0,0,0,0,0,0,0,0,0,0,0,0,150258,1631.0934,S,07135.5841,W,2760.6,M,001.8,02/06/21 09:59:53
D,TRAC57,True,10000.5,000000000.600,2003.0,845.0,1158.0,0,0,0,0,0,0,0,0,0,0,0,0,0,150259,1631.0938,S,07135.5837,W,2760.7,M,002.0,02/06/21 09:59:54
D,TRAC57,True,10000.5,000000000.601,2005.0,845.0,1160.0,0,0,0,0,0,0,0,0,0,0,0,0,0,150301,1631.0942,S,07135.5826,W,2760.6,M,001.7,02/06/21 09:59:55
D,TRAC57,True,10000.5,000000000.602,2006.0,845.0,1161.0,0,0,0,0,0,0,0,0,0,0,0,0,0,150302,1631.0946,S,07135.5825,W,2760.6,M,001.7,02/06/21 09:59:56
D,TRAC57,True,10000.5,000000000.602,2007.0,845.0,1162.0,0,0,0,0,0,0,0,0,0,0,0,0,0,150303,1631.0948,S,07135.5822,W,2760.6,M,001.6,02/06/21 09:59:57
D,TRAC57,True,10000.5,000000000.602,2008.0,845.0,1163.0,0,0,0,0,0,0,0,0,0,0,0,0,0,150304,1631.0949,S,07135.5817,W,2760.6,M,001.3,02/06/21 09:59:58
